100
726  524
550  744
452  913
569  526
185  280
332  979
768  853
189  869
193  742
187  822
626  651
94  83
243  578
757  74
475  105
155  284
198  469
400  451
712  483
528  809
496  264
718  216
810  398
590  407
93  554
877  830
772  895
676  674
226  414
803  38
974  645
467  175
731  425
170  301
264  375
532  355
571  244
751  811
800  603
462  482
969  175
482  32
259  505
372  24
787  236
791  629
760  194
452  897
561  783
824  391
520  59
262  472
787  46
52  65
562  420
777  176
116  567
248  19
941  312
967  681
14  382
677  390
899  275
761  643
590  807
677  452
449  656
863  695
445  47
934  853
768  479
290  817
429  346
639  33
296  240
129  723
379  799
403  550
349  342
525  99
46  277
202  98
885  101
309  67
418  895
500  996
471  10
522  917
54  654
116  760
499  234
616  18
263  847
787  159
296  907
736  429
87  20
949  833
363  506
532  492
0
