700
4920  1042 
1350  2088 
841  3161 
4298  6670 
7923  1298 
6806  1692 
1186  2794 
7227  4416 
3025  7438 
4793  5987 
7978  7820 
1555  4475 
5004  4438 
5630  5893 
1622  4477 
1436  7239 
4859  3123 
1590  1056 
1540  2768 
6205  3611 
5687  284 
1597  7658 
7540  3355 
2735  5498 
1809  169 
1598  6974 
5183  1390 
1425  5322 
7961  5379 
1389  4169 
3196  2588 
3483  6335 
3898  4609 
4512  1809 
583  6930 
2591  2709 
650  568 
808  5715 
2432  6910 
2682  3903 
2749  6558 
3224  6332 
6702  2038 
7513  7185 
7178  1878 
640  785 
5540  7124 
353  6122 
1755  7254 
6193  5270 
6603  6384 
3558  2781 
1895  2907 
6107  3363 
4709  6471 
2985  2700 
7527  6033 
7228  6051 
4238  7549 
6979  1012 
6183  4938 
6012  2353 
5882  182 
7727  1205 
1637  115 
5540  4378 
2956  5092 
3068  4279 
5614  7253 
6345  481 
7325  4693 
1559  6729 
3350  2438 
7340  7664 
1642  6586 
1924  1931 
6411  1770 
1184  4384 
1262  1615 
4459  723 
4099  3689 
5951  176 
7389  5564 
1450  6926 
4055  7719 
2685  1141 
516  7837 
7694  6925 
2307  970 
2241  4982 
4171  1470 
4710  6547 
3019  319 
6593  7936 
4060  7621 
2574  6231 
237  4867 
1633  860 
4192  4946 
344  2117 
5248  2409 
342  2546 
2136  7090 
2699  4059 
4520  7476 
2713  4472 
5878  1072 
3156  3419 
5157  5994 
7268  6393 
4030  741 
6858  3320 
6642  1677 
6162  6977 
3571  124 
7128  4766 
549  3034 
425  1676 
5520  1837 
2130  4071 
1180  2276 
6511  891 
1832  2025 
410  7292 
5217  2083 
4541  7554 
5977  6434 
5411  5199 
1998  7217 
7332  4217 
6009  6604 
3558  5331 
4181  7041 
1791  3579 
4243  2906 
7761  4060 
4063  4656 
1730  5792 
1427  3883 
2522  309 
6024  2857 
4518  6638 
5108  4365 
1138  4293 
7050  6745 
4961  5643 
4834  4275 
3469  1017 
7724  3465 
6310  2386 
4545  7925 
2788  907 
3767  3430 
4698  4284 
1991  6549 
7400  5936 
3687  6795 
7778  3398 
3498  4117 
7630  3477 
7922  3081 
7254  5271 
1489  1681 
748  2261 
7012  2927 
649  7108 
2190  7205 
163  6583 
202  4683 
4361  3231 
5173  3356 
6173  3479 
473  44 
1796  6988 
2411  4553 
6031  917 
5954  2468 
692  3669 
6000  659 
4367  447 
6730  7380 
4999  1273 
2147  3328 
5235  2415 
1772  5447 
5422  950 
2848  1625 
5051  2453 
1211  1133 
7458  1836 
5904  4460 
4941  7766 
6078  5415 
4392  2505 
1645  1307 
2426  902 
721  7840 
5446  2039 
4270  1023 
1866  6486 
468  2410 
2989  3223 
7191  2778 
7730  523 
4786  3080 
1004  287 
3058  6315 
7307  4551 
1937  7037 
2401  1983 
2809  5121 
4757  5489 
3705  913 
4569  4406 
7159  5861 
1239  4262 
6784  592 
905  1162 
3410  7237 
1206  2298 
7096  1315 
6644  4349 
3463  5771 
1740  4282 
2134  4446 
5265  2830 
2165  5620 
5176  2395 
358  4994 
1061  396 
426  1833 
1349  1184 
4229  6823 
6558  4720 
3226  4914 
1985  3982 
6781  2189 
815  5678 
5292  5630 
4596  4657 
1074  1429 
6555  5467 
7967  3736 
2005  5386 
3400  3300 
2388  6006 
6042  2626 
7781  4136 
7136  1398 
7485  950 
2768  5077 
7055  750 
7271  3442 
7895  1016 
379  5497 
1310  4613 
2455  2761 
2925  246 
5793  2788 
3795  337 
6603  3370 
2861  5077 
2595  7352 
459  5854 
6782  5913 
4520  2037 
3462  3932 
7718  3071 
4689  7449 
1587  2936 
7010  4683 
1895  7291 
3248  2615 
6659  2438 
3784  4618 
6231  826 
6366  4363 
6301  298 
6334  5599 
3274  728 
255  612 
6979  7261 
2501  1496 
3373  3126 
6070  7276 
1824  6919 
3352  4977 
346  7829 
219  6303 
7875  1625 
3349  7213 
2743  324 
3063  5254 
4643  1341 
7082  4448 
7975  2392 
3469  4481 
5858  1544 
5544  1608 
4589  1583 
1478  2282 
3523  6097 
3118  1128 
3308  2399 
5508  7534 
2407  4707 
4018  4690 
566  717 
7066  1643 
5034  5984 
7699  748 
4726  6252 
5156  7324 
288  1908 
3134  1799 
23  3062 
6093  7598 
3429  2156 
6909  684 
1560  639 
6220  3939 
2868  5944 
3831  221 
3568  7870 
5935  7748 
6529  1896 
5646  7419 
5582  6814 
8  5010 
6794  7266 
6001  3699 
5188  6005 
1608  3246 
2734  2500 
7551  774 
6414  7179 
3192  721 
4327  5332 
7323  441 
1697  1952 
5945  5717 
29  2539 
1923  6494 
3552  5862 
1713  5872 
7254  5909 
2806  6230 
7515  7365 
5820  3670 
4129  4307 
675  7301 
6405  4440 
2957  5805 
1510  3504 
7435  3709 
4634  1926 
4710  1695 
1563  7466 
3070  7085 
7499  7543 
2600  4266 
6895  3185 
4971  5829 
577  3303 
3554  1093 
7111  6673 
919  4718 
642  1292 
5149  2795 
2826  1497 
6673  5545 
6116  6216 
4557  3680 
3115  2148 
508  2802 
5076  417 
2725  7269 
6578  1007 
3534  2365 
2578  2907 
2099  3150 
783  3889 
4820  2690 
3566  4800 
1894  5311 
3972  4029 
235  5307 
143  1627 
3662  712 
4879  1676 
7953  5292 
6420  5838 
1734  2154 
6346  4019 
5062  4428 
3093  4959 
6366  3936 
1374  2625 
6295  792 
6602  3633 
3403  1257 
3120  784 
1875  1038 
3613  1260 
1640  2419 
4931  6815 
5029  2977 
5520  2637 
2971  3019 
249  176 
5767  680 
4186  3250 
1349  1164 
5367  5659 
5312  1645 
3769  3502 
104  6427 
4978  4211 
3317  2684 
717  6854 
6447  3453 
1216  6621 
7228  2219 
3203  4726 
157  2034 
5749  5249 
7531  2753 
6809  4009 
4059  591 
5637  6446 
5306  5365 
329  6246 
1694  636 
67  1245 
7187  1674 
6115  6453 
4959  3343 
44  7424 
3670  874 
3019  7719 
3574  7831 
5741  1775 
1776  209 
6617  501 
2610  3534 
328  3403 
3160  6160 
6014  4478 
2643  7667 
481  423 
7797  4587 
2068  730 
5899  2136 
7242  3995 
2054  7086 
3841  2735 
3979  6335 
5382  7660 
14  3166 
4270  3547 
3275  625 
6731  2381 
6402  327 
4236  4022 
6387  1998 
3504  3270 
4085  7864 
6567  1378 
6072  5364 
4048  4569 
5011  7656 
971  2511 
347  6821 
5985  1610 
4551  4919 
2884  4970 
1100  5385 
5792  4710 
7704  4195 
3012  4083 
6962  2555 
3443  6545 
5208  1798 
4259  5178 
2928  4340 
7332  1713 
6448  2619 
7689  3123 
392  132 
595  3640 
2916  566 
6199  5220 
2132  3266 
4623  969 
4254  4525 
2289  563 
5103  2183 
7795  5539 
6018  1724 
3653  3568 
7345  4913 
6919  7857 
2376  4517 
1696  4303 
817  2426 
5679  4026 
6367  6633 
7640  5646 
3375  3005 
6123  4911 
7737  423 
4927  6761 
1737  7638 
735  6109 
4828  2748 
1642  6942 
2192  6148 
1936  3492 
2870  820 
3128  2206 
7882  7756 
7675  5280 
4590  3961 
3354  5015 
2353  4474 
2298  3422 
3616  6408 
2991  3542 
2140  6428 
4273  163 
7348  1045 
5509  3978 
5428  7897 
422  5596 
3630  5417 
4746  6040 
5234  7626 
2611  7955 
5100  4128 
2324  2329 
2690  3882 
4227  6799 
7787  4146 
7731  393 
5807  2604 
7659  6293 
6488  90 
1505  3005 
4516  7801 
1672  4756 
7120  2712 
438  4890 
6240  6400 
6460  2230 
7404  2584 
7562  6565 
5875  7970 
2230  2452 
2012  5334 
5372  4286 
3204  1107 
6563  5160 
7047  576 
584  4664 
3557  2346 
2549  2974 
1766  2792 
3107  1959 
5083  757 
7201  4708 
5194  4891 
5381  7524 
4967  717 
682  7213 
4518  4702 
4251  2590 
6658  5836 
2709  4528 
6610  1200 
3389  7359 
351  4573 
2393  3575 
709  7469 
985  6364 
1668  4358 
7385  2993 
2372  4677 
6660  3366 
1859  4615 
2631  4200 
4036  6326 
2130  6594 
5917  7068 
2237  4519 
2779  3895 
6089  717 
7374  7223 
7689  2900 
4452  1943 
3378  4080 
2112  5036 
982  6611 
4396  6985 
4627  2598 
5563  7894 
4706  6482 
5392  4939 
590  4443 
887  432 
6104  6342 
882  4861 
5398  4445 
7902  7797 
5692  1818 
7397  5657 
2838  7700 
265  1224 
4101  7267 
5136  6124 
6421  6912 
7807  2033 
2527  2973 
5701  5877 
5297  2993 
1856  2836 
3536  3677 
6912  6792 
4652  1251 
3323  6846 
4892  3353 
7335  961 
1381  1120 
5219  7856 
1853  451 
4919  6120 
1989  1659 
6481  2185 
5210  7631 
6243  3448 
2357  6297 
7768  2760 
3458  2449 
2966  7516 
4427  5973 
1909  339 
7752  3824 
5435  6187 
6352  4756 
6723  1218 
6770  2952 
6407  7767 
7379  6705 
4828  5342 
3768  7208 
1752  3857 
3493  407 
7172  7797 
1568  5125 
3869  2635 
2990  974 
2278  1310 
7147  594 
7824  5183 
6400  6371 
6479  2684 
2356  1026 
2440  7062 
2318  5144 
4347  4491 
2713  7201 
7074  4223 
3009  7368 
2348  5319 
1794  6340 
3500  7450 
6236  5896 
7175  7802 
4028  4651 
5879  2587 
2644  2750 
3946  5230 
6249  1776 
7717  5724 
5907  575 
7100  7413 
6161  7423 
5166  6433 
5444  6748 
7305  2670 
5901  6558 
6812  1104 
2539  5918 
1799  6094 
7025  1908 
2035  1469 
3062  484 
2981  270 
4409  2374 
2663  3395 
7031  2116
0