2
15 8
1 0 0 1 0 1 0 1
0 1 0 1 1 0 1 1
0 1 0 0 1 0 0 0
0 1 0 1 0 0 0 0
0 0 1 0 0 0 0 0
0 0 0 1 1 1 0 0
0 1 0 0 0 0 1 0
1 1 0 0 0 1 1 0
1 0 0 0 0 1 0 0
1 1 1 1 0 0 1 0
1 1 0 0 1 0 0 1
0 0 1 1 0 0 0 1
0 0 0 1 0 0 0 1
0 1 1 0 0 1 1 0
1 0 0 1 1 0 0 1
1 1
5 30
1 1 0 1 0 0 1 0 1 1 1 0 0 1 0 0 1 1 1 0 1 0 0 1 0 0 0 1 1 0
1 0 0 1 1 0 1 0 0 0 1 0 1 1 0 0 0 0 0 1 1 1 0 1 0 0 1 0 1 0
0 1 0 1 0 1 1 0 1 0 0 1 0 1 0 0 1 0 0 0 1 0 1 0 1 0 1 0 1 1
0 0 1 1 0 0 1 1 1 0 1 0 0 1 0 1 1 0 1 1 1 0 0 0 0 1 1 0 1 0
1 1 0 1 0 0 1 0 1 1 1 0 0 1 1 0 0 1 1 0 1 0 0 1 1 0 1 0 1 1
1 7
